# RR intervals (ms) - SYNTHETIC exam day
723.1
733.0
730.5
688.7
711.1
697.5
685.8
696.1
679.8
658.0
671.8
675.3
700.7
714.7
728.3
713.9
717.4
712.4
723.8
701.4
693.5
665.6
663.2
675.8
676.5
700.3
710.5
675.3
688.9
712.6
748.0
730.7
716.7
696.2
688.7
692.7
684.0
680.9
649.9
661.1
688.1
729.2
717.3
710.3
707.2
722.9
718.5
733.9
683.7
688.2
670.7
648.5
678.2
701.8
692.9
699.3
718.7
717.1
731.9
730.5
727.0
695.5
684.8
686.9
696.2
670.7
651.9
636.3
682.1
695.0
732.7
725.2
710.6
716.5
714.9
709.9
708.0
712.6
673.0
663.3
663.8
675.0
700.6
690.0
682.1
698.0
711.1
739.5
746.7
705.5
707.6
679.4
690.5
680.2
675.6
664.6
657.3
669.6
695.1
713.4
708.6
713.3
715.7
726.6
729.2
736.7
689.5
659.9
678.4
660.6
695.6
682.9
693.6
671.4
713.5
725.0
729.8
747.2
714.3
689.8
679.0
689.3
684.7
680.5
669.5
658.2
679.1
704.7
711.1
716.1
712.4
719.7
733.5
713.1
710.3
673.9
681.8
661.5
681.0
680.0
684.1
691.4
690.0
714.8
717.0
745.8
714.7
717.7
684.2
698.4
675.9
687.5
659.9
655.7
669.0
688.5
718.4
732.8
725.6
711.0
701.3
714.0
716.5
676.3
680.2
657.0
662.0
689.0
697.7
693.8
679.4
700.2
720.6
727.5
747.4
722.1
675.3
687.5
675.7
700.7
688.0
654.5
652.1
674.4
695.9
735.2
732.2
713.7
717.4
696.7
725.8
722.9
688.1
659.5
664.8
688.2
686.4
681.1
705.0
671.6
707.3
718.2
748.3
723.9
723.2
693.7
668.9
669.7
684.6
688.8
663.9
663.6
678.2
713.7
727.4
725.7
704.1
724.2
733.1
708.9
730.5
687.8
656.8
642.0
680.3
693.6
686.4
671.7
703.6
702.8
725.5
768.0
746.9
711.0
682.9
693.7
667.1
685.2
662.4
647.9
651.4
693.9
714.6
726.8
728.6
703.8
701.7
703.7
716.6
708.7
673.3
666.3
651.5
673.1
682.5
679.5
707.9
703.8
706.8
726.9
737.7
706.3
702.6
673.7
684.0
679.5
677.5
654.7
644.8
659.6
685.4
713.0
726.1
734.4
720.0
712.5
729.4
710.8
710.7
676.0
645.6
673.1
689.2
664.6
683.9
684.7
678.4
706.7
726.7
742.2
720.5
721.7
682.2
700.1
689.9
681.8
653.4
642.0
666.4
706.4
736.2
730.7
721.2
703.3
732.5
736.1
707.3
687.6
655.5
674.0
673.9
684.2
696.4
694.7
686.6
691.3
712.4
721.8
736.8
731.4
673.3
687.6
693.7
677.3
676.9
651.3
675.2
675.8
708.3
730.7
718.3
695.9
707.0
727.0
721.2
709.8
670.6
663.7
667.9
674.0
706.9
690.3
679.2
676.4
719.7
729.7
749.7
730.6
718.5
700.3
683.4
692.7
694.8
657.1
675.2
680.4
701.3
713.9
728.4
707.9
712.5
708.8
722.8
713.5
700.6
683.9
646.2
673.9
660.2
669.4
690.5
689.4
701.0
699.9
735.0
738.8
731.2
694.9
691.6
678.5
687.6
675.9
673.2
650.9
664.4
702.9
737.3
728.7
719.8
708.1
727.6
728.1
731.4
692.6
656.7
653.5
658.8
671.4
704.8
698.7
677.8
719.6
726.4
729.5
736.6
709.3
683.2
666.7
689.7
690.8
650.1
668.7
668.6
674.8
706.2
720.3
715.0
711.0
725.5
704.4
724.8
711.3
676.6
658.9
646.0
663.1
686.5
695.7
681.0
721.8
700.7
