# RR intervals (ms) - SYNTHETIC normal day
888.6
946.2
899.7
804.9
841.2
873.3
861.4
829.7
795.0
832.3
896.0
918.9
846.6
841.6
876.1
921.3
858.2
788.7
783.1
844.0
879.7
843.2
844.9
877.7
873.8
884.8
848.9
810.7
850.7
881.3
883.1
772.7
796.1
903.4
925.8
892.9
833.3
836.2
910.8
889.4
792.1
774.7
822.5
856.7
865.9
828.8
835.0
886.1
942.6
897.2
828.3
817.2
884.3
855.2
825.1
771.4
854.5
903.5
880.3
848.4
848.8
896.9
889.6
827.1
794.3
793.5
859.6
892.2
811.7
827.1
888.0
921.1
895.8
855.0
824.6
871.9
870.0
805.9
788.1
802.2
891.1
917.7
845.3
820.6
884.2
922.0
868.4
808.4
796.7
840.9
893.3
864.1
821.2
839.2
926.7
887.2
865.8
820.1
811.9
880.3
846.9
819.1
791.1
859.9
930.8
902.5
831.8
826.3
929.9
899.1
819.8
789.7
808.0
880.6
874.7
833.4
814.6
889.4
912.6
909.6
857.7
797.9
819.5
884.8
869.3
770.3
800.8
900.9
896.0
855.9
836.7
889.0
903.9
870.7
794.6
778.7
837.3
862.3
853.8
801.5
829.8
938.7
923.6
857.5
827.5
836.2
872.7
857.9
801.6
778.0
873.4
901.9
870.8
829.3
849.7
931.7
875.1
829.2
748.0
813.8
883.6
868.3
820.2
832.6
897.2
943.8
926.6
829.5
817.4
865.5
867.8
817.3
788.3
833.5
867.9
923.5
848.5
823.9
896.4
933.9
863.2
795.2
782.7
903.5
894.6
821.4
808.5
866.0
896.9
917.6
836.1
841.1
870.7
828.0
839.5
762.2
825.0
875.3
924.2
859.6
875.4
904.7
891.0
887.4
795.6
788.2
808.9
910.1
843.4
818.5
849.8
893.2
925.5
861.0
817.9
814.4
865.4
857.8
800.0
792.4
837.2
919.0
894.7
848.8
838.1
885.3
883.2
853.2
768.4
790.5
863.9
885.2
832.7
787.1
874.4
931.0
884.5
855.6
807.3
834.4
878.7
832.8
794.2
780.2
906.6
903.5
849.2
853.5
861.9
915.2
876.1
808.8
792.6
817.2
888.6
853.7
808.5
840.6
910.3
926.1
857.1
832.0
803.4
854.2
863.8
782.9
790.9
837.7
919.6
886.0
842.2
854.0
848.4
964.1
831.1
776.4
818.8
857.7
845.7
852.6
838.6
862.2
922.3
917.2
821.9
828.2
860.4
863.9
807.3
785.9
794.7
894.7
916.8
888.8
844.5
876.8
896.5
889.5
837.0
785.3
826.9
875.7
848.8
809.9
847.2
903.8
953.7
863.1
824.5
858.0
871.0
878.4
785.8
782.8
849.5
909.3
867.0
846.2
825.3
925.2
898.0
817.8
770.4
805.3
861.7
855.6
817.9
822.6
868.6
947.1
919.9
831.2
832.5
839.7
884.8
821.8
797.1
851.7
852.3
915.9
844.3
853.7
857.1
902.3
870.3
809.4
795.3
830.1
869.6
868.6
821.5
823.0
